0 0
1 159.04
2 159.03
3 159.12
4 159.09
5 159.02
6 159.01
7 158.99
8 159.06
9 159.15
10 159.21
11 159.27
12 159.27
13 159.27
14 159.24
15 159.28
16 159.3
17 159.25
18 159.25
19 159.25
20 159.232
21 159.29
22 159.287
23 159.22
24 159.23
25 159.23
26 159.22
27 159.247
28 159.29
29 159.33
30 0
31 159.47
32 159.47
33 159.392
34 159.3
35 159.325
36 159.31
37 159.21
38 159.25
39 159.3
40 159.38
41 159.38
42 159.43
43 159.4
44 159.4
45 159.4
46 159.399
47 159.38
48 159.32
49 159.334
50 159.44
51 159.49
52 159.58
53 159.7
54 159.63
55 159.49
56 159.17
57 159.316
58 159.31
59 0
60 0
61 159.11
62 159.09
63 159.02
64 158.93
65 159.028
66 159.01
67 158.96
68 158.87
69 158.83
70 158.84
71 158.8
72 158.78
73 158.58
74 158.4
75 158.48
76 158.41
77 158.48
78 158.66
79 158.51
80 158.47
81 158.41
82 158.328
83 158.41
84 158.39
85 158.45
86 158.5
87 158.47
88 158.59
89 158.66
90 0
91 159.09
92 159.07
93 159.15
94 159.13
95 159.15
96 159.13
97 159.089
98 158.98
99 158.93
100 158.98
101 159.09
102 159.13
103 159.009
104 159.039
105 159.088
106 159.09
107 159.03
108 159.08
109 158.97
110 158.955
111 158.793
112 158.84
113 158.82
114 158.85
115 158.93
116 158.95
117 158.904
118 158.92
119 0
120 0
121 158.93
122 158.88
123 158.89
124 158.851
125 158.91
126 158.922
127 158.91
128 158.91
129 158.88
130 158.955
131 158.9
132 158.83
133 158.804
134 158.802
135 158.8
136 158.79
137 158.87
138 158.9
139 158.95
140 159.05
141 158.97
142 159.02
143 158.99
144 158.976
145 158.919
146 158.93
147 158.92
148 158.87
149 158.97
150 0
151 159.08
152 159.05
153 159.036
154 159.02
155 158.941
156 159
157 159
158 159.02
159 158.95
160 158.95
161 158.95
162 158.82
163 158.92
164 158.91
165 158.96
166 158.96
167 158.87
168 158.87
169 158.937
170 158.95
171 158.97
172 159.07
173 158.979
174 159.03
175 159.03
176 158.97
177 158.9
178 158.88
179 0
