0 0
1 93.91
2 93.885
3 93.905
4 93.87
5 93.855
6 93.93
7 93.99
8 94.02
9 94.1
10 94.12
11 94.2
12 94.2
13 94.15
14 94.1205
15 94.1205
16 94.1499
17 94.1163
18 94.1071
19 94.0657
20 94.0665
21 94.11
22 94.117
23 94.07
24 94.11
25 94.12
26 94.07
27 94
28 94.0199
29 94
30 0
31 94.11
32 94.09
33 94.0499
34 94.06
35 94.09
36 94.05
37 94.0487
38 94.02
39 94.04
40 94.06
41 94.07
42 94.14
43 94.13
44 94.1343
45 94.109
46 94.14
47 94.1
48 94.1198
49 94.15
50 94.19
51 94.21
52 94.22
53 94.36
54 94.37
55 94.35
56 94.335
57 94.3299
58 94.34
59 0
60 0
61 94.46
62 94.1667
63 93.84
64 93.75
65 93.84
66 93.88
67 93.83
68 93.79
69 93.81
70 93.89
71 93.86
72 93.86
73 93.8
74 93.77
75 93.825
76 93.83
77 93.829
78 93.87
79 93.81
80 93.86
81 93.87
82 93.86
83 93.84
84 93.78
85 93.9
86 93.92
87 93.93
88 93.9899
89 93.96
90 0
91 94.21
92 94.22
93 94.1999
94 94.17
95 94.25
96 94.27
97 94.252
98 94.26
99 94.27
100 94.29
101 94.3
102 94.282
103 94.2274
104 94.2299
105 94.225
106 94.25
107 94.19
108 94.16
109 94.12
110 94.15
111 94.08
112 94.01
113 94.093
114 94.05
115 94.0356
116 94.05
117 94.06
118 94.09
119 0
120 0
121 94.15
122 94.14
123 94.08
124 94.09
125 94.0506
126 94.08
127 94.1399
128 94.15
129 94.14
130 94.18
131 94.15
132 94.04
133 94.04
134 94.0285
135 94.1
136 94.08
137 94.02
138 94.01
139 94.0563
140 94.12
141 94.11
142 94.15
143 94.16
144 94.1536
145 94.11
146 94.06
147 94.04
148 94.0399
149 94.08
150 0
151 94.17
152 94.141
153 94.122
154 94.13
155 94.11
156 94.0938
157 94.07
158 94.15
159 94.1
160 94.115
161 94.09
162 94.03
163 94.04
164 94.03
165 94.04
166 94.04
167 94.0309
168 94.011
169 94.0099
170 94.03
171 94.001
172 94
173 94.02
174 94.07
175 94.0599
176 94.02
177 93.9649
178 93.9
179 0
