0 0
1 115.67
2 115.586
3 115.5
4 115.4
5 115.46
6 115.52
7 115.47
8 115.44
9 115.55
10 115.76
11 115.9
12 115.94
13 115.94
14 115.86
15 115.9
16 115.9
17 115.89
18 115.88
19 115.833
20 115.8
21 115.84
22 115.781
23 115.71
24 115.77
25 115.74
26 115.74
27 115.59
28 115.58
29 115.58
30 0
31 115.87
32 115.88
33 115.87
34 115.88
35 115.928
36 115.99
37 116.12
38 116.088
39 115.96
40 115.97
41 115.96
42 115.95
43 115.92
44 115.91
45 115.98
46 116.01
47 116.01
48 116.03
49 116.02
50 116.03
51 115.99
52 116.07
53 116.07
54 116.12
55 116.14
56 116.1
57 116.12
58 116.17
59 0
60 0
61 115.99
62 115.97
63 115.998
64 115.823
65 115.86
66 115.83
67 115.79
68 115.78
69 115.71
70 115.8
71 115.821
72 115.849
73 115.85
74 115.84
75 115.849
76 115.83
77 115.82
78 115.83
79 115.81
80 115.81
81 115.743
82 115.76
83 115.74
84 115.755
85 115.86
86 115.89
87 116.11
88 116.09
89 116.1
90 0
91 116.24
92 116.25
93 116.2
94 116.194
95 116.16
96 116.192
97 116.24
98 116.179
99 116.14
100 116.15
101 116.25
102 116.345
103 116.3
104 116.32
105 116.38
106 116.364
107 116.37
108 116.32
109 116.26
110 116.37
111 116.31
112 116.18
113 116.27
114 116.27
115 116.28
116 116.32
117 116.3
118 116.23
119 0
120 0
121 116.37
122 116.35
123 116.33
124 116.33
125 116.23
126 116.32
127 116.42
128 116.42
129 116.4
130 116.45
131 116.43
132 116.36
133 116.37
134 116.37
135 116.37
136 116.367
137 116.24
138 116.139
139 116.15
140 116.13
141 116.249
142 116.21
143 116.22
144 116.256
145 116.27
146 116.33
147 116.37
148 116.369
149 116.37
150 0
151 116.4
152 116.409
153 116.33
154 116.32
155 116.32
156 116.32
157 116.36
158 116.3
159 116.32
160 116.35
161 116.354
162 116.29
163 116.17
164 116.276
165 116.2
166 116.18
167 116.1
168 116.11
169 116.11
170 116.1
171 116.13
172 116.132
173 116.11
174 116.19
175 116.17
176 116.11
177 116.09
178 116.094
179 0
