0 0
1 73.7699
2 73.7799
3 73.7254
4 73.7299
5 73.6771
6 73.637
7 73.68
8 73.71
9 73.7
10 73.67
11 73.71
12 73.69
13 73.69
14 73.63
15 73.62
16 73.64
17 73.62
18 73.65
19 73.6199
20 73.64
21 73.66
22 73.61
23 73.59
24 73.6099
25 73.59
26 73.57
27 73.54
28 73.5599
29 73.56
30 0
31 73.59
32 73.6
33 73.5399
34 73.51
35 73.49
36 73.5
37 73.51
38 73.516
39 73.5
40 73.51
41 73.53
42 73.54
43 73.535
44 73.54
45 73.534
46 73.54
47 73.5799
48 73.59
49 73.61
50 73.6099
51 73.595
52 73.63
53 73.69
54 73.73
55 73.69
56 73.63
57 73.6603
58 73.68
59 0
60 0
61 73.52
62 73.5
63 73.45
64 73.3778
65 73.44
66 73.47
67 73.43
68 73.388
69 73.4
70 73.48
71 73.4626
72 73.49
73 73.565
74 73.54
75 73.57
76 73.56
77 73.539
78 73.54
79 73.54
80 73.56
81 73.58
82 73.57
83 73.6
84 73.57
85 73.65
86 73.64
87 73.73
88 73.7375
89 73.7
90 0
91 73.8073
92 73.78
93 73.77
94 73.7701
95 73.8
96 73.82
97 73.82
98 73.83
99 73.84
100 73.83
101 73.84
102 73.84
103 73.83
104 73.812
105 73.84
106 73.84
107 73.82
108 73.81
109 73.79
110 73.81
111 73.75
112 73.6999
113 73.74
114 73.7599
115 73.71
116 73.7475
117 73.7167
118 73.715
119 0
120 0
121 73.74
122 73.71
123 73.69
124 73.665
125 73.65
126 73.64
127 73.67
128 73.674
129 73.65
130 73.66
131 73.589
132 73.56
133 73.51
134 73.54
135 73.56
136 73.55
137 73.49
138 73.46
139 73.46
140 73.49
141 73.5
142 73.54
143 73.5475
144 73.56
145 73.56
146 73.61
147 73.61
148 73.61
149 73.61
150 0
151 73.6399
152 73.62
153 73.5925
154 73.6
155 73.6117
156 73.64
157 73.64
158 73.64
159 73.64
160 73.64
161 73.62
162 73.55
163 73.54
164 73.54
165 73.54
166 73.53
167 73.5
168 73.52
169 73.51
170 73.53
171 73.52
172 73.51
173 73.51
174 73.56
175 73.54
176 73.54
177 73.52
178 73.49
179 0
