0 0
1 81.69
2 81.71
3 81.7
4 81.72
5 81.71
6 81.72
7 81.72
8 81.65
9 81.66
10 81.64
11 81.64
12 81.6
13 81.6
14 81.57
15 81.58
16 81.6
17 81.55
18 81.55
19 81.52
20 81.47
21 81.48
22 81.48
23 81.47
24 81.54
25 81.51
26 81.52
27 81.53
28 81.54
29 81.56
30 0
31 81.55
32 81.57
33 81.55
34 81.55
35 81.58
36 81.6
37 81.59
38 81.56
39 81.57
40 81.57
41 81.57
42 81.57
43 81.54
44 81.52
45 81.51
46 81.5
47 81.5
48 81.49
49 81.51
50 81.51
51 81.5
52 81.5
53 81.55
54 81.51
55 81.51
56 81.44
57 81.44
58 81.46
59 0
60 0
61 81.22
62 81.16
63 81.15
64 81.13
65 81.19
66 81.169
67 81.12
68 81.1
69 81.11
70 81.13
71 81.13
72 81.13
73 81.14
74 81.13
75 81.14
76 81.14
77 81.16
78 81.23
79 81.22
80 81.23
81 81.22
82 81.22
83 81.27
84 81.27
85 81.37
86 81.35
87 81.34
88 81.32
89 81.36
90 0
91 81.54
92 81.53
93 81.43
94 81.44
95 81.43
96 81.46
97 81.44
98 81.44
99 81.38
100 81.39
101 81.43
102 81.44
103 81.4
104 81.4
105 81.39
106 81.4
107 81.39
108 81.36
109 81.31
110 81.38
111 81.32
112 81.26
113 81.32
114 81.31
115 81.34
116 81.38
117 81.35
118 81.37
119 0
120 0
121 81.41
122 81.39
123 81.39
124 81.38
125 81.32
126 81.34
127 81.32
128 81.34
129 81.3
130 81.33
131 81.3
132 81.22
133 81.19
134 81.19
135 81.24
136 81.23
137 81.19
138 81.25
139 81.26
140 81.29
141 81.29
142 81.29
143 81.32
144 81.31
145 81.32
146 81.34
147 81.345
148 81.35
149 81.37
150 0
151 81.39
152 81.39
153 81.35
154 81.35
155 81.31
156 81.32
157 81.37
158 81.32
159 81.29
160 81.31
161 81.29
162 81.23
163 81.25
164 81.25
165 81.255
166 81.25
167 81.21
168 81.2
169 81.2
170 81.24
171 81.23
172 81.24
173 81.23
174 81.3
175 81.27
176 81.26
177 81.24
178 81.22
179 0
